SUBSEQUENCE LAUNCHER
 1. **ADD SCENE NAMES HERE*
 2.
 3. 
 4. 
 5. 
USE GRID TO SELECT AN OPTION

#1
**Paste first script from launcher_scripts.txt here**

#2

#3

#4

#5

#6

#7
J + * I 4 192; K + I 15
G.GBX K J I 0 1 1 1 3 10 1 4
G.GFD 31 0 0 7 9 1 2 3 4
G.GBX 12 15 11 7 1 1 1 3 5 1 1

#8
J + * I 14 16
G.GBX I J 0 I 1 1 1 0 4 14 1
G.GBX 8 0 14 0 1 1 0 3 8 1 8
G.GBX 9 8 15 0 1 1 0 3 5 1 4
G.GBT 10 12 15 7 1 1 1 3 5
G.GBT 11 13 15 5 1 1 1 3 5

#M
L 0 15: $ 7; J G.BTNI
L 0 7: $ 8
L 12 32: G.GRP.EN I 0
$ MIN J 6
L 1 8: MUTE I 0
SCENE + SCENE J; Y 1

#I
A 5; B 0
M.ACT 0; G.CLR; G.RST
LIVE.D 1; IN.SCALE 0 120
PRT 8 0; Z 0; P.N 0
G.GBX 0 1 0 0 1 1 1 3 9 1 A
G.GBX 0 5 1 0 1 1 1 3 9 1 B

#P
64	4	4	1
1	1	1	1
0	0	0	0
7	3	3	15

0	0	0	0
0	0	0	-1
0	0	0	-1
0	0	0	-1
0	0	0	-1
0	0	0	-1
0	0	0	-1
0	0	0	-1
0	0	0	-1
0	0	0	-1
0	0	0	-1
0	0	0	-1
0	0	0	-1
0	0	0	-1
0	0	0	-1
0	0	0	-1
0	0	0	0
0	0	0	0
0	0	0	0
0	0	0	0
0	0	0	0
0	0	0	0
0	0	0	0
0	0	0	0
0	0	0	0
0	0	0	0
0	0	0	0
0	0	0	0
0	0	0	0
0	0	0	0
0	0	0	0
0	0	0	0
0	0	0	0
0	0	0	0
0	0	0	0
0	0	0	0
0	0	0	0
0	0	0	0
0	0	0	0
0	0	0	0
0	0	0	0
0	0	0	0
0	0	0	0
0	0	0	0
0	0	0	0
0	0	0	0
0	0	0	0
0	0	0	0
0	0	0	0
0	0	0	0
0	0	0	0
0	0	0	0
0	0	0	0
0	0	0	0
0	0	0	0
0	0	0	0
0	0	0	0
0	0	0	0
0	0	0	0
0	0	0	0
0	0	0	0
0	0	0	0
0	0	0	0
0	0	0	0

#G
0000000000000000
0000000000000000
0000000000000000
0000000000000000
0000000000000000
0000000000000000
0000000000000000
0000000000000000
0000000000000000
0000000000000000
0000000000000000
0000000000000000
0000000000000000
0000000000000000
0000000000000000
0000000000000000

0	0	0	0	0	0	0	0	0	0	0	0	0	0	0	0
0	0	0	0	0	0	0	0	0	0	0	0	0	0	0	0
0	0	0	0	0	0	0	0	0	0	0	0	0	0	0	0
0	0	0	0	0	0	0	0	0	0	0	0	0	0	0	0
